                    v256 v257 v258 v259 v263 v264 v265 v268 v269 v270 v271 v276 v277 v278 v279 v280 v284 v285 v286 v288 v289 v290 v291 v292 v293 v294 v295 v299 v300 v301 v304 v305 v306 v307 v312 v313 v314 v315 v316 v321 v324 v325 v326 v327 v330 v331 v335 v336 v337 v341 v342 v343 v348 v349 v350 v351 v357 v360 v361 v362 v363 v370 v371 v372 v378 v380 v382
   D^{(0)}_{1,8}      0    0    0    0    0    0    0    1    0    0    0    0    0    0    0    0    0    0    0    0    0    0    0    0    0    0    0    0    0    0    0    0    0    0    0    0    0    0    0    0    0    0    0    0    0    0    0    0    0    0    0    0    0    0    0    0    0    1    0    0    0    0    0    0    0    0    0
   D^{(0)}_{2,22}     0    0    0    0    0    0    0    0    0    0    0    0    0    0    0    0    0    0    0    0    1    0    0    0    0    0    0    0    0    0    0    0    0    0    0    0    0    0    0    0    0    1    0    0    0    0    0    0    0    0    0    0    0    0    0    0    0    0    0    0    0    0    0    0    0    0    0
  θ^{(0)}_{1,2,7}     0    0    0    0    0    1    0    0    0    0    0    0    0    0    0    0    0    1    0    0    0    0    0    0    0    0    0    0    0    0    0    0    0    0    0    0    0    0    0    0    0    0    0    0    0    0    0    0    0    0    0    0    0    0    0    0    0    0    0    0    0    0    0    0    0    0    0
  θ^{(0)}_{1,2,16}    0    0    0    0    0    1    0    0    0    0    0    0    0    0    0    0    0    0    0    0    0    0    0    0    0    0    0    0    1    0    0    0    0    0    0    0    0    0    0    1    0    0    0    0    0    0    0    0    0    0    0    0    0    0    0    0    0    0    0    0    0    0    0    0    0    0    0
  θ^{(0)}_{1,2,21}    0    0    0    0    0    0    0    0    0    0    0    0    0    0    0    0    1    0    0    0    0    0    0    0    0    0    0    0    0    0    0    0    0    0    0    0    0    0    0    0    0    0    0    0    0    0    0    0    0    1    0    0    0    0    0    0    0    0    0    0    0    0    0    0    0    0    0
  θ^{(0)}_{2,2,7}     0    0    0    0    0    0    1    0    0    0    0    0    0    0    0    0    0    0    1    0    0    0    0    0    0    0    0    0    0    0    0    0    0    0    0    0    0    0    0    0    0    0    0    0    0    0    0    0    0    0    0    0    0    0    0    0    1    0    0    0    0    0    0    0    0    0    0
  θ^{(0)}_{2,2,30}    0    0    0    0    0    0    0    0    0    0    0    0    0    0    0    0    0    0    0    0    0    0    0    0    0    0    0    0    0    0    0    0    0    0    0    0    0    0    0    1    0    0    0    0    0    0    0    0    0    0    0    0    0    0    0    0    1    0    0    0    0    0    0    0    1    0    0
  θ^{(0)}_{3,2,21}    0    0    0    0    0    0    0    0    0    0    0    0    0    0    0    0    0    0    1    0    0    0    0    0    0    0    0    0    0    0    0    0    0    0    0    0    0    0    0    0    0    0    0    0    0    0    0    0    0    0    0    1    0    0    0    0    0    0    0    0    0    0    0    0    0    0    0
   D^{(1)}_{0,2}      0    0    0    0    0    0    0    0    0    1    0    1    1    1    0    0    1    0    0    0    0    0    1    0    0    0    0    0    0    0    0    0    1    0    0    0    1    0    0    0    0    0    0    1    0    0    0    0    0    0    0    0    0    1    1    0    0    0    0    1    0    0    0    0    0    0    0
   D^{(1)}_{0,10}     0    1    1    0    0    0    0    0    0    1    0    0    0    0    0    1    0    0    0    0    0    0    0    0    1    0    0    0    0    0    0    0    1    0    0    1    1    0    1    0    0    0    0    1    0    0    0    0    0    0    1    0    0    1    0    0    0    0    0    0    1    0    0    0    0    0    0
   D^{(1)}_{0,11}     0    1    1    0    0    0    0    0    0    1    0    0    0    0    0    0    1    0    0    0    0    0    0    0    0    0    0    0    0    0    0    0    1    0    1    1    1    0    0    0    0    0    0    1    0    0    0    0    0    0    1    0    0    0    1    0    0    0    0    0    1    0    0    0    0    0    0
   D^{(1)}_{0,16}     0    0    0    0    0    0    0    0    0    0    0    0    1    1    0    0    0    0    0    0    0    1    0    0    0    1    0    0    0    0    1    0    0    1    0    0    0    0    0    0    0    0    1    0    1    0    0    0    1    0    0    1    0    0    0    1    0    0    0    1    0    1    0    0    0    0    0
   D^{(1)}_{0,17}     0    0    0    0    1    0    0    0    0    0    0    0    0    0    0    0    0    1    1    0    0    0    0    0    0    1    0    0    1    0    0    0    0    0    0    0    0    0    0    0    0    0    0    0    1    0    0    1    1    1    1    0    0    0    0    1    1    0    0    0    0    1    0    0    0    1    0
   D^{(1)}_{0,20}     0    0    1    0    0    1    0    0    0    0    1    1    0    0    0    0    0    0    0    0    0    0    0    0    1    1    0    0    0    0    0    0    1    0    0    0    0    0    0    0    0    0    0    0    0    0    0    0    0    0    1    0    1    1    1    0    0    0    0    0    1    0    0    0    1    0    0
   D^{(1)}_{0,26}     0    0    0    0    1    0    1    0    0    0    0    0    0    1    0    0    0    1    0    1    0    0    1    0    0    0    0    1    1    0    0    0    0    0    0    0    0    0    0    1    0    0    0    0    0    0    0    0    0    0    0    0    0    0    0    0    1    0    0    0    0    1    0    1    1    1    0
   D^{(1)}_{0,30}     0    0    1    0    0    0    1    1    0    0    1    0    0    0    1    0    0    0    0    0    0    0    0    0    0    1    0    0    0    1    1    0    0    1    0    0    0    1    1    0    0    0    0    0    0    0    0    0    1    0    0    0    0    0    1    0    0    1    0    0    1    0    0    0    0    0    0
   D^{(1)}_{1,3}      0    0    0    0    0    0    0    0    0    0    0    0    0    0    1    0    0    0    1    1    1    0    0    0    0    0    0    0    0    0    0    0    0    0    0    0    0    1    0    0    0    0    0    0    0    0    0    0    1    0    0    0    0    0    0    0    0    0    0    0    0    0    1    0    0    1    0
   D^{(1)}_{1,9}      0    0    0    0    1    0    0    0    0    0    0    1    1    0    0    0    0    0    0    0    0    1    0    0    0    0    0    1    0    0    0    1    1    1    1    1    0    0    1    0    0    0    1    0    0    0    1    0    0    0    0    1    1    1    0    0    0    0    1    0    0    0    0    0    1    0    0
   D^{(1)}_{1,17}     0    0    0    0    0    0    1    0    0    0    0    0    0    0    0    0    0    0    1    0    0    0    0    0    0    0    0    1    0    0    0    0    0    0    0    0    0    0    0    0    0    0    0    0    0    0    1    0    1    0    1    1    0    0    0    0    0    0    0    0    0    0    1    0    1    1    0
   D^{(1)}_{1,18}     1    1    0    0    0    1    0    0    1    0    0    0    0    0    0    0    0    0    1    0    0    1    1    0    0    0    0    1    0    0    0    0    0    0    1    1    0    0    0    0    0    0    1    0    0    0    1    0    0    1    1    1    1    1    0    0    0    0    0    1    0    0    1    0    0    0    1
   D^{(1)}_{1,26}     0    0    0    0    0    0    0    0    0    0    0    0    0    0    1    0    0    0    1    1    1    0    0    0    0    0    0    0    0    1    0    0    0    0    0    0    0    0    0    0    0    0    0    0    0    0    1    0    0    0    0    0    0    0    0    0    0    0    0    0    0    0    1    0    1    1    0
   D^{(1)}_{1,30}     0    0    0    1    1    0    0    1    1    0    0    0    0    0    0    0    0    0    0    0    0    0    1    0    0    0    1    1    0    0    1    1    0    0    1    0    0    0    0    0    0    0    0    0    0    0    1    0    0    0    0    0    0    0    0    0    0    0    0    0    0    0    0    0    0    0    0
   D^{(1)}_{2,9}      0    0    0    0    0    0    0    0    0    0    0    0    1    1    0    0    0    0    0    0    0    0    1    0    0    0    0    0    1    0    1    0    1    1    0    1    1    0    0    0    0    0    0    1    0    0    0    1    0    0    0    0    0    1    1    0    1    0    0    1    0    0    0    0    0    1    0
   D^{(1)}_{3,17}     0    0    1    0    0    0    0    0    0    0    0    0    0    0    0    1    1    1    0    0    0    0    0    0    1    0    0    0    0    0    0    0    0    0    0    0    0    0    0    0    0    0    0    0    0    0    0    1    1    1    0    0    0    0    1    0    0    0    0    0    0    0    0    0    0    0    0
   D^{(1)}_{3,26}     0    0    1    0    0    1    0    0    0    0    0    0    1    0    0    0    1    0    0    0    0    1    1    0    0    1    0    0    0    0    0    0    0    0    0    0    0    0    1    1    0    0    0    0    0    0    0    0    0    0    0    0    0    0    0    0    0    0    0    0    0    0    0    1    0    0    1
  θ^{(1)}_{0,0,25}    0    0    0    1    0    0    0    0    0    1    0    0    0    1    0    0    0    0    0    0    0    0    1    0    0    0    1    0    0    0    0    0    0    0    1    1    1    0    0    0    0    0    1    0    0    0    0    0    0    0    0    0    0    0    0    0    0    0    0    1    0    1    0    0    0    0    0
  θ^{(1)}_{0,1,9}     0    0    0    0    0    0    0    0    0    1    1    1    0    0    1    0    0    0    0    0    1    0    0    0    0    0    0    0    0    0    1    1    1    0    1    0    0    1    0    0    0    1    0    0    0    0    0    0    0    0    1    0    1    0    0    1    0    1    0    1    1    0    0    1    1    0    1
  θ^{(1)}_{0,2,3}     0    0    0    0    0    0    0    0    0    0    0    0    0    1    0    1    0    1    1    1    0    0    1    0    0    0    0    1    0    0    0    0    0    0    0    0    1    0    0    1    1    0    0    1    0    0    1    1    0    0    0    0    0    0    0    0    1    0    0    0    0    1    0    0    0    1    0
  θ^{(1)}_{0,2,6}     0    0    0    0    0    1    0    0    0    0    0    0    0    0    0    0    0    0    1    0    0    1    0    1    1    1    0    0    1    0    0    0    0    1    0    0    0    0    0    1    0    0    1    0    1    0    0    1    0    0    0    0    1    0    0    0    1    0    0    0    0    1    0    0    1    0    0
  θ^{(1)}_{0,2,12}    0    0    0    0    0    0    1    0    0    0    0    0    0    1    0    0    0    0    0    1    0    0    1    0    0    0    0    0    0    0    0    0    0    0    0    0    1    0    1    1    1    0    0    1    0    0    1    0    0    0    0    0    0    0    1    0    1    1    0    0    1    0    1    1    0    1    0
  θ^{(1)}_{0,2,13}    1    1    0    0    0    0    1    0    1    1    0    0    0    1    0    0    0    0    0    0    0    0    0    1    0    0    1    0    0    0    0    0    0    0    0    0    1    0    0    1    0    1    1    0    0    1    1    0    0    0    0    0    1    1    1    0    0    0    1    1    0    0    1    0    0    0    0
  θ^{(1)}_{0,2,21}    0    0    1    0    0    0    1    1    0    0    1    0    0    0    1    1    0    0    0    1    1    0    0    0    0    0    0    0    0    1    0    0    0    0    0    0    1    0    0    0    1    0    0    1    0    0    0    0    0    0    0    0    0    0    1    0    1    1    0    0    1    0    1    0    0    1    0
  θ^{(1)}_{0,2,22}    1    1    1    0    0    0    0    0    1    1    0    0    0    0    1    0    1    0    0    0    0    0    0    1    1    0    0    0    0    1    0    1    1    0    0    0    1    0    0    0    0    0    0    0    0    0    0    0    0    0    0    0    0    0    1    0    1    0    1    1    0    0    1    0    0    0    0
  θ^{(1)}_{0,2,31}    0    0    1    0    0    0    1    0    1    1    0    0    0    0    1    0    0    1    0    0    0    0    0    1    1    1    0    0    0    0    0    1    1    0    0    0    0    1    0    0    0    0    0    0    0    0    0    0    1    1    1    0    0    0    1    0    0    0    0    0    0    0    0    0    0    0    0
  θ^{(1)}_{1,0,10}    0    0    1    1    0    0    0    0    0    0    1    1    0    0    1    1    0    0    0    0    0    0    0    0    0    1    0    0    0    0    0    0    0    1    0    0    1    1    1    0    1    0    0    0    1    0    0    0    0    0    0    1    0    0    1    0    0    1    0    0    0    0    1    0    0    0    1
  θ^{(1)}_{1,0,16}    1    0    0    0    0    1    0    0    0    0    0    0    1    1    1    0    0    0    0    0    0    0    1    0    0    0    0    0    1    0    1    1    0    0    0    0    0    0    0    0    0    0    0    1    0    0    1    0    0    1    0    0    1    0    0    0    0    0    0    0    1    0    1    0    0    1    0
  θ^{(1)}_{1,0,25}    1    0    0    0    0    0    0    0    0    0    1    0    0    0    1    0    1    1    0    1    0    0    0    1    0    0    0    0    1    0    0    0    0    0    0    1    1    1    0    0    0    0    0    1    0    0    0    1    0    0    0    0    0    0    0    0    0    0    0    0    1    1    1    0    0    1    0
  θ^{(1)}_{1,2,31}    0    0    0    0    1    0    1    0    0    1    1    0    0    0    0    1    0    0    0    0    0    0    0    0    1    1    0    1    0    0    0    0    1    1    0    0    0    0    1    1    0    0    0    0    1    0    0    0    0    0    1    1    0    0    0    0    0    0    0    0    0    0    0    0    0    0    0
  θ^{(1)}_{2,1,3}     0    0    0    0    0    0    0    0    0    0    0    1    0    0    0    1    1    0    0    0    1    1    0    0    1    0    0    0    0    0    0    0    0    0    0    0    0    0    1    0    0    0    0    0    0    0    0    1    1    0    0    0    0    0    1    0    0    0    0    0    0    0    0    1    0    0    1
  θ^{(1)}_{2,1,12}    0    0    1    0    1    1    0    0    0    0    0    0    0    0    0    1    0    0    0    0    0    0    0    0    0    0    0    0    0    0    0    0    0    0    1    0    0    0    1    0    0    1    1    0    0    0    0    0    0    0    0    0    1    0    0    0    0    0    1    1    0    0    0    1    0    0    0
  θ^{(1)}_{2,1,18}    0    1    1    0    0    0    1    1    1    1    0    0    0    0    0    0    0    0    0    1    0    0    1    0    0    0    0    0    1    0    1    1    0    0    0    1    1    0    0    0    0    0    0    1    0    0    0    1    0    0    1    1    0    1    1    0    1    0    0    0    1    0    0    1    0    0    0
  θ^{(1)}_{2,1,21}    1    0    0    0    0    0    0    0    1    1    0    0    1    0    0    1    0    0    0    0    0    0    0    0    0    1    0    1    1    0    0    0    0    0    1    0    0    0    1    0    0    1    1    0    0    0    0    0    0    0    0    0    1    0    0    0    0    0    1    1    0    0    0    0    0    1    0
  θ^{(1)}_{2,1,28}    1    0    0    1    0    0    1    0    1    0    0    0    0    0    0    1    1    0    0    1    0    0    0    0    0    0    1    0    0    1    0    1    0    0    0    0    0    0    0    0    1    0    0    1    0    1    0    1    0    0    0    0    0    0    0    0    0    0    0    0    0    0    0    1    0    1    1
  θ^{(1)}_{2,2,31}    1    0    0    0    0    1    0    1    0    0    1    0    1    0    0    0    0    0    0    0    0    0    0    1    0    1    1    0    1    0    1    0    0    1    0    1    0    0    0    0    0    0    0    0    1    1    0    1    0    0    0    1    1    0    0    0    0    0    0    0    0    0    0    0    0    0    0
  θ^{(1)}_{3,1,23}    0    0    0    0    0    0    1    1    1    0    0    0    0    1    1    0    0    0    1    0    0    1    1    0    0    0    0    0    0    0    1    1    0    0    0    0    0    0    0    1    0    0    1    0    0    0    1    0    0    0    0    0    0    0    0    0    1    0    0    0    1    1    1    0    1    1    0
  θ^{(1)}_{3,2,16}    0    0    1    0    1    0    0    1    0    0    1    1    1    0    0    1    0    0    0    0    0    0    0    0    1    0    0    0    0    0    0    0    1    1    0    0    0    0    0    0    0    1    0    0    0    0    1    1    1    0    1    1    0    0    1    0    0    1    1    0    1    0    0    1    1    0    1
  θ^{(1)}_{3,2,25}    0    0    1    0    0    0    0    1    1    0    1    0    1    0    0    1    0    0    1    0    0    1    0    0    0    1    0    1    0    0    1    0    0    1    1    1    0    0    1    0    0    1    0    0    0    0    0    0    0    0    1    1    0    0    0    0    0    0    1    0    0    0    1    1    1    0    1
   D^{(2)}_{1,10}     1    1    1    1    1    1    1    1    1    1    1    1    1    1    1    1    1    1    1    1    1    1    1    1    1    1    1    1    1    1    1    1    1    1    1    1    1    1    1    1    1    1    1    0    1    1    1    1    1    1    1    1    1    1    1    1    1    1    1    1    0    1    1    1    1    1    1
  θ^{(2)}_{0,1,8}     1    1    1    1    1    1    1    1    1    1    1    1    1    1    1    1    1    1    1    0    1    1    1    1    1    1    1    1    1    1    1    1    1    1    1    1    1    1    1    1    1    1    1    1    1    1    1    1    1    1    1    1    1    1    1    1    1    1    1    1    1    1    1    1    1    1    1
  θ^{(2)}_{0,1,10}    1    1    1    1    1    1    1    1    1    1    1    1    1    1    1    1    1    1    1    1    1    1    1    1    1    1    1    1    1    1    1    1    1    1    1    1    1    1    1    1    1    1    0    1    1    1    1    1    1    1    1    1    1    1    1    1    1    1    1    1    1    1    1    1    1    1    1
  θ^{(2)}_{0,1,17}    1    1    1    1    1    1    1    1    1    1    1    1    1    1    1    1    1    1    1    1    1    1    1    1    1    1    1    1    1    1    1    1    1    1    1    1    1    1    1    1    0    1    1    1    1    1    1    1    1    1    1    1    1    1    1    1    1    1    1    1    1    1    1    1    1    1    1
  θ^{(2)}_{0,1,26}    1    1    1    1    1    1    1    1    1    1    1    1    1    1    1    1    1    1    1    1    0    1    1    1    1    1    1    1    1    1    1    1    1    1    1    1    1    1    1    1    1    1    1    1    1    1    1    1    1    1    1    1    1    1    1    1    1    0    1    1    1    1    1    1    1    1    0
  θ^{(2)}_{0,1,31}    1    1    1    1    1    1    1    1    1    1    1    1    1    1    1    1    1    1    1    1    1    1    1    1    1    1    1    1    1    1    1    1    1    1    1    1    1    1    1    1    1    1    1    1    0    1    1    1    1    1    1    1    1    1    1    1    1    1    1    1    1    1    1    1    1    0    1
  θ^{(2)}_{1,0,8}     1    1    1    1    1    1    1    1    1    1    1    1    1    1    1    1    1    1    1    1    0    1    1    1    1    1    1    1    1    1    1    1    1    1    1    1    1    1    1    1    1    1    1    1    1    1    1    1    1    1    1    1    1    1    1    1    1    1    1    1    1    1    1    1    1    1    1
  θ^{(2)}_{1,0,17}    1    1    1    0    1    1    1    1    1    1    1    1    1    1    1    1    1    1    1    1    1    1    1    1    1    1    1    1    1    1    1    1    1    1    1    1    1    1    1    1    1    0    1    1    1    1    1    1    1    1    1    1    1    1    1    1    1    1    1    1    1    1    1    1    1    1    1
  θ^{(2)}_{1,0,26}    1    1    1    0    1    1    1    1    1    1    1    1    1    1    1    1    1    1    1    1    1    1    1    1    1    1    0    1    1    1    1    1    1    1    1    1    1    1    1    1    1    1    1    1    1    1    1    1    1    1    1    1    1    1    1    1    1    1    0    1    1    1    1    1    1    1    1
  θ^{(2)}_{1,0,31}    1    1    1    1    1    1    1    1    1    1    1    1    1    1    1    1    1    1    1    1    0    1    1    1    1    1    1    1    1    1    1    1    1    1    1    1    1    1    1    1    1    1    1    1    1    0    1    1    1    1    1    1    1    1    1    1    1    1    1    1    1    1    1    1    1    1    1
  θ^{(2)}_{1,1,31}    1    1    1    1    1    1    1    1    1    1    1    1    1    1    1    1    1    1    1    1    0    1    1    1    1    1    1    1    1    1    1    1    1    1    1    1    1    1    1    1    1    1    1    1    1    0    1    1    1    1    1    1    1    1    1    1    1    1    1    1    1    1    1    1    1    1    1
  θ^{(2)}_{2,0,10}    1    1    1    1    1    1    1    1    1    1    1    1    1    1    1    1    1    1    1    1    1    1    1    1    1    1    1    1    1    1    1    1    1    1    1    1    1    1    1    1    1    1    1    1    1    1    1    1    1    1    1    1    1    1    1    1    1    1    1    1    1    1    1    0    1    1    1
  θ^{(2)}_{2,0,31}    1    1    1    1    1    1    1    1    1    1    1    0    1    1    1    1    1    1    1    1    1    1    1    1    1    1    1    1    1    1    1    1    1    1    0    1    1    1    1    1    1    1    1    1    1    1    1    1    1    1    1    1    1    1    1    1    1    1    1    1    1    1    1    1    1    1    0



                    v324 v331 v292 v256 v269 v295 v361 v312 v313 v314 v325 v326 v348 v351 v363 v370 v263 v268 v276 v277 v280 v284 v285 v299 v300 v301 v315 v321 v343 v357 v257 v258 v259 v264 v265 v270 v271 v278 v279 v286 v288 v289 v290 v291 v293 v294 v304 v305 v306 v307 v316 v327 v330 v335 v336 v337 v341 v342 v349 v350 v360 v362 v371 v372 v378 v380 v382
  θ^{(2)}_{0,1,8}     1    1    1    1    1    1    1    1    1    1    1    1    1    1    1    1    1    1    1    1    1    1    1    1    1    1    1    1    1    1    1    1    1    1    1    1    1    1    1    1    0    1    1    1    1    1    1    1    1    1    1    1    1    1    1    1    1    1    1    1    1    1    1    1    1    1    1
  θ^{(2)}_{0,1,10}    1    1    1    1    1    1    1    1    1    1    1    0    1    1    1    1    1    1    1    1    1    1    1    1    1    1    1    1    1    1    1    1    1    1    1    1    1    1    1    1    1    1    1    1    1    1    1    1    1    1    1    1    1    1    1    1    1    1    1    1    1    1    1    1    1    1    1
  θ^{(2)}_{0,1,17}    0    1    1    1    1    1    1    1    1    1    1    1    1    1    1    1    1    1    1    1    1    1    1    1    1    1    1    1    1    1    1    1    1    1    1    1    1    1    1    1    1    1    1    1    1    1    1    1    1    1    1    1    1    1    1    1    1    1    1    1    1    1    1    1    1    1    1
  θ^{(2)}_{1,0,8}     1    1    1    1    1    1    1    1    1    1    1    1    1    1    1    1    1    1    1    1    1    1    1    1    1    1    1    1    1    1    1    1    1    1    1    1    1    1    1    1    1    0    1    1    1    1    1    1    1    1    1    1    1    1    1    1    1    1    1    1    1    1    1    1    1    1    1
  θ^{(2)}_{2,0,10}    1    1    1    1    1    1    1    1    1    1    1    1    1    1    1    1    1    1    1    1    1    1    1    1    1    1    1    1    1    1    1    1    1    1    1    1    1    1    1    1    1    1    1    1    1    1    1    1    1    1    1    1    1    1    1    1    1    1    1    1    1    1    1    0    1    1    1
   D^{(2)}_{1,10}     1    1    1    1    1    1    1    1    1    1    1    1    1    1    0    1    1    1    1    1    1    1    1    1    1    1    1    1    1    1    1    1    1    1    1    1    1    1    1    1    1    1    1    1    1    1    1    1    1    1    1    0    1    1    1    1    1    1    1    1    1    1    1    1    1    1    1
  θ^{(2)}_{0,1,31}    1    1    1    1    1    1    1    1    1    1    1    1    1    1    1    1    1    1    1    1    1    1    1    1    1    1    1    1    1    1    1    1    1    1    1    1    1    1    1    1    1    1    1    1    1    1    1    1    1    1    1    1    0    1    1    1    1    1    1    1    1    1    1    1    1    0    1
  θ^{(2)}_{1,0,17}    1    1    1    1    1    1    1    1    1    1    0    1    1    1    1    1    1    1    1    1    1    1    1    1    1    1    1    1    1    1    1    1    0    1    1    1    1    1    1    1    1    1    1    1    1    1    1    1    1    1    1    1    1    1    1    1    1    1    1    1    1    1    1    1    1    1    1
  θ^{(2)}_{1,0,31}    1    0    1    1    1    1    1    1    1    1    1    1    1    1    1    1    1    1    1    1    1    1    1    1    1    1    1    1    1    1    1    1    1    1    1    1    1    1    1    1    1    0    1    1    1    1    1    1    1    1    1    1    1    1    1    1    1    1    1    1    1    1    1    1    1    1    1
  θ^{(2)}_{1,1,31}    1    0    1    1    1    1    1    1    1    1    1    1    1    1    1    1    1    1    1    1    1    1    1    1    1    1    1    1    1    1    1    1    1    1    1    1    1    1    1    1    1    0    1    1    1    1    1    1    1    1    1    1    1    1    1    1    1    1    1    1    1    1    1    1    1    1    1
  θ^{(2)}_{0,1,26}    1    1    1    1    1    1    1    1    1    1    1    1    1    1    1    1    1    1    1    1    1    1    1    1    1    1    1    1    1    1    1    1    1    1    1    1    1    1    1    1    1    0    1    1    1    1    1    1    1    1    1    1    1    1    1    1    1    1    1    1    0    1    1    1    1    1    0
  θ^{(2)}_{1,0,26}    1    1    1    1    1    0    0    1    1    1    1    1    1    1    1    1    1    1    1    1    1    1    1    1    1    1    1    1    1    1    1    1    0    1    1    1    1    1    1    1    1    1    1    1    1    1    1    1    1    1    1    1    1    1    1    1    1    1    1    1    1    1    1    1    1    1    1
  θ^{(2)}_{2,0,31}    1    1    1    1    1    1    1    0    1    1    1    1    1    1    1    1    1    1    0    1    1    1    1    1    1    1    1    1    1    1    1    1    1    1    1    1    1    1    1    1    1    1    1    1    1    1    1    1    1    1    1    1    1    1    1    1    1    1    1    1    1    1    1    1    1    1    0
  θ^{(1)}_{3,2,16}    0    0    0    0    0    0    1    0    0    0    1    0    0    0    1    0    1    1    1    1    1    0    0    0    0    0    0    0    1    0    0    1    0    0    0    0    1    0    0    0    0    0    0    0    1    0    0    0    1    1    0    0    0    1    1    1    0    1    0    1    1    0    0    1    1    0    1
  θ^{(1)}_{3,2,25}    0    0    0    0    1    0    1    1    1    0    1    0    0    0    0    0    0    1    0    1    1    0    0    1    0    0    0    0    1    0    0    1    0    0    0    0    1    0    0    1    0    0    1    0    0    1    1    0    0    1    1    0    0    0    0    0    0    1    0    0    0    0    1    1    1    0    1
  θ^{(1)}_{2,1,18}    0    0    0    0    1    0    0    0    1    1    0    0    0    0    1    0    0    1    0    0    0    0    0    0    1    0    0    0    1    1    1    1    0    0    1    1    0    0    0    0    1    0    0    1    0    0    1    1    0    0    0    1    0    0    1    0    0    1    1    1    0    0    0    1    0    0    0
   D^{(1)}_{1,18}     0    0    0    1    1    0    0    1    1    0    0    1    1    0    0    0    0    0    0    0    0    0    0    1    0    0    0    0    1    0    1    0    0    1    0    0    0    0    0    1    0    0    1    1    0    0    0    0    0    0    0    0    0    1    0    0    1    1    1    0    0    1    1    0    0    0    1
  θ^{(1)}_{0,1,9}     0    0    0    0    0    0    0    1    0    0    1    0    1    1    1    0    0    0    1    0    0    0    0    0    0    0    1    0    0    0    0    0    0    0    0    1    1    0    1    0    0    1    0    0    0    0    1    1    1    0    0    0    0    0    0    0    0    1    0    0    1    1    0    1    1    0    1
  θ^{(1)}_{0,2,13}    0    1    1    1    1    1    1    0    0    1    1    1    1    0    0    0    0    0    0    0    0    0    0    0    0    0    0    1    0    0    1    0    0    0    1    1    0    1    0    0    0    0    0    0    0    0    0    0    0    0    0    0    0    1    0    0    0    0    1    1    0    1    1    0    0    0    0
  θ^{(1)}_{3,1,23}    0    0    0    0    1    0    0    0    0    0    0    1    0    0    1    1    0    1    0    0    0    0    0    0    0    0    0    1    0    1    0    0    0    0    1    0    0    1    1    1    0    0    1    1    0    0    1    1    0    0    0    0    0    1    0    0    0    0    0    0    0    0    1    0    1    1    0
   D^{(1)}_{1,9}      0    0    0    0    0    0    1    1    1    0    0    1    1    0    0    0    1    0    1    1    0    0    0    1    0    0    0    0    1    0    0    0    0    0    0    0    0    0    0    0    0    0    1    0    0    0    0    1    1    1    1    0    0    1    0    0    0    0    1    0    0    0    0    0    1    0    0
  θ^{(1)}_{0,2,21}    1    0    0    0    0    0    0    0    0    1    0    0    0    0    1    0    0    1    0    0    1    0    0    0    0    1    0    0    0    1    0    1    0    0    1    0    1    0    1    0    1    1    0    0    0    0    0    0    0    0    0    1    0    0    0    0    0    0    0    1    1    0    1    0    0    1    0
  θ^{(1)}_{0,2,22}    0    0    1    1    1    0    1    0    0    1    0    0    0    0    0    0    0    0    0    0    0    1    0    0    0    1    0    0    0    1    1    1    0    0    0    1    0    0    1    0    0    0    0    0    1    0    0    1    1    0    0    0    0    0    0    0    0    0    0    1    0    1    1    0    0    0    0
  θ^{(1)}_{1,0,10}    1    0    0    0    0    0    0    0    0    1    0    0    0    0    0    0    0    0    1    0    1    0    0    0    0    0    1    0    1    0    0    1    1    0    0    0    1    0    1    0    0    0    0    0    0    1    0    0    0    1    1    0    1    0    0    0    0    0    0    1    1    0    1    0    0    0    1
  θ^{(1)}_{0,2,12}    1    0    0    0    0    0    0    0    0    1    0    0    0    0    1    0    0    0    0    0    0    0    0    0    0    0    0    1    0    1    0    0    0    0    1    0    0    1    0    0    1    0    0    1    0    0    0    0    0    0    1    1    0    1    0    0    0    0    0    1    1    0    1    1    0    1    0
  θ^{(1)}_{1,0,25}    0    0    1    1    0    0    0    0    1    1    0    0    0    0    1    1    0    0    0    0    0    1    1    0    1    0    1    0    0    0    0    0    0    0    0    0    1    0    1    0    1    0    0    0    0    0    0    0    0    0    0    1    0    0    1    0    0    0    0    0    0    0    1    0    0    1    0
  θ^{(1)}_{2,1,28}    1    1    0    1    1    1    0    0    0    0    0    0    0    0    0    0    0    0    0    0    1    1    0    0    0    1    0    0    0    0    0    0    1    0    1    0    0    0    0    0    1    0    0    0    0    0    0    1    0    0    0    1    0    0    1    0    0    0    0    0    0    0    0    1    0    1    1
   D^{(1)}_{2,9}      0    0    0    0    0    0    0    0    1    1    0    0    0    0    0    0    0    0    0    1    0    0    0    0    1    0    0    0    0    1    0    0    0    0    0    0    0    1    0    0    0    0    0    1    0    0    1    0    1    1    0    1    0    0    1    0    0    0    1    1    0    1    0    0    0    1    0
  θ^{(1)}_{0,2,6}     0    0    1    0    0    0    0    0    0    0    0    1    1    0    0    1    0    0    0    0    0    0    0    0    1    0    0    1    0    1    0    0    0    1    0    0    0    0    0    1    0    0    1    0    1    1    0    0    0    1    0    0    1    0    1    0    0    0    0    0    0    0    0    0    1    0    0
  θ^{(1)}_{1,0,16}    0    0    0    1    0    0    0    0    0    0    0    0    1    0    1    0    0    0    0    1    0    0    0    0    1    0    0    0    0    0    0    0    0    1    0    0    0    1    1    0    0    0    0    1    0    0    1    1    0    0    0    1    0    1    0    0    1    0    0    0    0    0    1    0    0    1    0

  θ^{(1)}_{0,2,3}     1    0    0    0    0    0    0    0    0    1    0    0    0    0    0    1    0    0    0    0    1    0    1    1    0    0    0    1    0    1    0    0    0    0    0    0    0    1    0    1    1    0    0    1    0    0    0    0    0    0    0    1    0    1    1    0    0    0    0    0    0    0    0    0    0    1    0
  θ^{(1)}_{2,2,31}    0    1    1    1    0    1    0    0    1    0    0    0    1    0    0    0    0    1    0    1    0    0    0    0    1    0    0    0    1    0    0    0    0    1    0    0    1    0    0    0    0    0    0    0    0    1    1    0    0    1    0    0    1    0    1    0    0    0    0    0    0    0    0    0    0    0    0
  θ^{(1)}_{0,2,31}    0    0    1    0    1    0    0    0    0    0    0    0    0    0    0    0    0    0    0    0    0    0    1    0    0    0    1    0    0    0    0    1    0    0    1    1    0    0    1    0    0    0    0    0    1    1    0    1    1    0    0    0    0    0    0    1    1    1    0    1    0    0    0    0    0    0    0
  θ^{(1)}_{2,1,21}    0    0    0    1    1    0    1    1    0    0    1    1    1    0    0    0    0    0    0    1    1    0    0    1    1    0    0    0    0    0    0    0    0    0    0    1    0    0    0    0    0    0    0    0    0    1    0    0    0    0    1    0    0    0    0    0    0    0    0    0    0    1    0    0    0    1    0
   D^{(1)}_{1,30}     0    0    0    0    1    1    0    1    0    0    0    0    0    0    0    0    1    1    0    0    0    0    0    1    0    0    0    0    0    0    0    0    1    0    0    0    0    0    0    0    0    0    0    1    0    0    1    1    0    0    0    0    0    1    0    0    0    0    0    0    0    0    0    0    0    0    0
  θ^{(1)}_{0,0,25}    0    0    0    0    0    1    0    1    1    1    0    1    0    0    0    1    0    0    0    0    0    0    0    0    0    0    0    0    0    0    0    0    1    0    0    1    0    1    0    0    0    0    0    1    0    0    0    0    0    0    0    0    0    0    0    0    0    0    0    0    0    1    0    0    0    0    0
  θ^{(1)}_{2,1,12}    0    0    0    0    0    0    1    1    0    0    1    1    1    0    0    0    1    0    0    0    1    0    0    0    0    0    0    0    0    0    0    1    0    1    0    0    0    0    0    0    0    0    0    0    0    0    0    0    0    0    1    0    0    0    0    0    0    0    0    0    0    1    0    1    0    0    0
   D^{(1)}_{0,11}     0    0    0    0    0    0    0    1    1    1    0    0    0    0    1    0    0    0    0    0    0    1    0    0    0    0    0    0    0    0    1    1    0    0    0    1    0    0    0    0    0    0    0    0    0    0    0    0    1    0    0    1    0    0    0    0    0    1    0    1    0    0    0    0    0    0    0
   D^{(1)}_{0,10}     0    0    0    0    0    0    0    0    1    1    0    0    0    0    1    0    0    0    0    0    1    0    0    0    0    0    0    0    0    0    1    1    0    0    0    1    0    0    0    0    0    0    0    0    1    0    0    0    1    0    1    1    0    0    0    0    0    1    1    0    0    0    0    0    0    0    0
   D^{(1)}_{0,2}      0    0    0    0    0    0    0    0    0    1    0    0    0    0    0    0    0    0    1    1    0    1    0    0    0    0    0    0    0    0    0    0    0    0    0    1    0    1    0    0    0    0    0    1    0    0    0    0    1    0    0    1    0    0    0    0    0    0    1    1    0    1    0    0    0    0    0
   D^{(0)}_{2,22}     0    0    0    0    0    0    0    0    0    0    1    0    0    0    0    0    0    0    0    0    0    0    0    0    0    0    0    0    0    0    0    0    0    0    0    0    0    0    0    0    0    1    0    0    0    0    0    0    0    0    0    0    0    0    0    0    0    0    0    0    0    0    0    0    0    0    0
   D^{(1)}_{0,16}     0    0    0    0    0    0    0    0    0    0    0    1    0    1    0    1    0    0    0    1    0    0    0    0    0    0    0    0    1    0    0    0    0    0    0    0    0    1    0    0    0    0    1    0    0    1    1    0    0    1    0    0    1    0    0    1    0    0    0    0    0    1    0    0    0    0    0
   D^{(1)}_{0,20}     0    0    0    0    0    0    0    0    0    0    0    0    1    0    1    0    0    0    1    0    0    0    0    0    0    0    0    0    0    0    0    1    0    1    0    0    1    0    0    0    0    0    0    0    1    1    0    0    1    0    0    0    0    0    0    0    0    1    1    1    0    0    0    0    1    0    0
   D^{(1)}_{0,17}     0    0    0    0    0    0    0    0    0    0    0    0    0    1    0    1    1    0    0    0    0    0    1    0    1    0    0    0    0    1    0    0    0    0    0    0    0    0    0    1    0    0    0    0    0    1    0    0    0    0    0    0    1    0    1    1    1    1    0    0    0    0    0    0    0    1    0
   D^{(1)}_{0,30}     0    0    0    0    0    0    0    0    0    0    0    0    0    0    1    0    0    1    0    0    0    0    0    0    0    1    1    0    0    0    0    1    0    0    1    0    1    0    1    0    0    0    0    0    0    1    1    0    0    1    1    0    0    0    0    1    0    0    0    1    1    0    0    0    0    0    0
   D^{(1)}_{0,26}     0    0    0    0    0    0    0    0    0    0    0    0    0    0    0    1    1    0    0    0    0    0    1    1    1    0    0    1    0    1    0    0    0    0    1    0    0    1    0    0    1    0    0    1    0    0    0    0    0    0    0    0    0    0    0    0    0    0    0    0    0    0    0    1    1    1    0
  θ^{(1)}_{1,2,31}    0    0    0    0    0    0    0    0    0    0    0    0    0    0    0    0    1    0    0    0    1    0    0    1    0    0    0    1    1    0    0    0    0    0    1    1    1    0    0    0    0    0    0    0    1    1    0    0    1    1    1    0    1    0    0    0    0    1    0    0    0    0    0    0    0    0    0
   D^{(0)}_{1,8}      0    0    0    0    0    0    0    0    0    0    0    0    0    0    0    0    0    1    0    0    0    0    0    0    0    0    0    0    0    0    0    0    0    0    0    0    0    0    0    0    0    0    0    0    0    0    0    0    0    0    0    0    0    0    0    0    0    0    0    0    1    0    0    0    0    0    0
  θ^{(1)}_{2,1,3}     0    0    0    0    0    0    0    0    0    0    0    0    0    0    0    0    0    0    1    0    1    1    0    0    0    0    0    0    0    0    0    0    0    0    0    0    0    0    0    0    0    1    1    0    1    0    0    0    0    0    1    0    0    0    1    1    0    0    0    1    0    0    0    1    0    0    1
   D^{(1)}_{3,26}     0    0    0    0    0    0    0    0    0    0    0    0    0    0    0    0    0    0    0    1    0    1    0    0    0    0    0    1    0    0    0    1    0    1    0    0    0    0    0    0    0    0    1    1    0    1    0    0    0    0    1    0    0    0    0    0    0    0    0    0    0    0    0    1    0    0    1
   D^{(1)}_{3,17}     0    0    0    0    0    0    0    0    0    0    0    0    0    0    0    0    0    0    0    0    1    1    1    0    0    0    0    0    0    0    0    1    0    0    0    0    0    0    0    0    0    0    0    0    1    0    0    0    0    0    0    0    0    0    1    1    1    0    0    1    0    0    0    0    0    0    0
  θ^{(0)}_{1,2,21}    0    0    0    0    0    0    0    0    0    0    0    0    0    0    0    0    0    0    0    0    0    1    0    0    0    0    0    0    0    0    0    0    0    0    0    0    0    0    0    0    0    0    0    0    0    0    0    0    0    0    0    0    0    0    0    0    1    0    0    0    0    0    0    0    0    0    0
  θ^{(0)}_{1,2,7}     0    0    0    0    0    0    0    0    0    0    0    0    0    0    0    0    0    0    0    0    0    0    1    0    0    0    0    0    0    0    0    0    0    1    0    0    0    0    0    0    0    0    0    0    0    0    0    0    0    0    0    0    0    0    0    0    0    0    0    0    0    0    0    0    0    0    0
   D^{(1)}_{1,17}     0    0    0    0    0    0    0    0    0    0    0    0    0    0    0    0    0    0    0    0    0    0    0    1    0    0    0    0    1    0    0    0    0    0    1    0    0    0    0    1    0    0    0    0    0    0    0    0    0    0    0    0    0    1    0    1    0    1    0    0    0    0    1    0    1    1    0
  θ^{(0)}_{1,2,16}    0    0    0    0    0    0    0    0    0    0    0    0    0    0    0    0    0    0    0    0    0    0    0    0    1    0    0    1    0    0    0    0    0    1    0    0    0    0    0    0    0    0    0    0    0    0    0    0    0    0    0    0    0    0    0    0    0    0    0    0    0    0    0    0    0    0    0
   D^{(1)}_{1,26}     0    0    0    0    0    0    0    0    0    0    0    0    0    0    0    0    0    0    0    0    0    0    0    0    0    1    0    0    0    0    0    0    0    0    0    0    0    0    1    1    1    1    0    0    0    0    0    0    0    0    0    0    0    1    0    0    0    0    0    0    0    0    1    0    1    1    0
   D^{(1)}_{1,3}      0    0    0    0    0    0    0    0    0    0    0    0    0    0    0    0    0    0    0    0    0    0    0    0    0    0    1    0    0    0    0    0    0    0    0    0    0    0    1    1    1    1    0    0    0    0    0    0    0    0    0    0    0    0    0    1    0    0    0    0    0    0    1    0    0    1    0
  θ^{(0)}_{2,2,30}    0    0    0    0    0    0    0    0    0    0    0    0    0    0    0    0    0    0    0    0    0    0    0    0    0    0    0    1    0    1    0    0    0    0    0    0    0    0    0    0    0    0    0    0    0    0    0    0    0    0    0    0    0    0    0    0    0    0    0    0    0    0    0    0    1    0    0
  θ^{(0)}_{3,2,21}    0    0    0    0    0    0    0    0    0    0    0    0    0    0    0    0    0    0    0    0    0    0    0    0    0    0    0    0    1    0    0    0    0    0    0    0    0    0    0    1    0    0    0    0    0    0    0    0    0    0    0    0    0    0    0    0    0    0    0    0    0    0    0    0    0    0    0
  θ^{(0)}_{2,2,7}     0    0    0    0    0    0    0    0    0    0    0    0    0    0    0    0    0    0    0    0    0    0    0    0    0    0    0    0    0    1    0    0    0    0    1    0    0    0    0    1    0    0    0    0    0    0    0    0    0    0    0    0    0    0    0    0    0    0    0    0    0    0    0    0    0    0    0
